$ANSIBLE_VAULT;1.1;AES256
30323262626638613036636437633562356638306639303830633733353833366264316135343332
3565396133656432653337616238326236336638663839360a666532393730346261616365633064
34343961383563393438343030343763343631336164393835663737323430623836316235623565
3761646131643338300a346238366632633463626239343461356633346666306438343035323431
63333732386364636463396166626463636338616535303034343230343831376464313036326366
37343439616139636338353130303734376533373662326135383064343961346263633134663930
38616237646665613966613063633363656337623331386437376565656464383139373765333764
62323832326463326532653032326138663564656233396362346431623330393734333662633961
32393035396632333738306430323936333636326536346262626164623436356137653739613761
64303166643737306134336630383239343430303361613539303065363062363765353033326239
63656366376133393333343331386338363333313430653164323762353664313165663930666165
65393934356338333633306530336535366231353739313664383339313539343533336136653734
36366265313635646266633131323465626331653461646666666563393737383462303234633032
34653131643633323834363830656238316337663938633264303533303966303733386133333663
32333466646534636232343534333133306262653939656466393061626330393935663439386334
30363939643765383233636533656439313839323766636634373561333430316665616233653161
61316139356336333439653464386536383030663030623334333262373735653033623430663562
38386363646134326333663838356231633466346634616138626431333934326661373239376532
30316537356639396637626635653862393937626439646264333763633231613932636133393334
61373630303835353533613662373566653833353239376163373338616461333538666531326538
65666436316638316638626264663134666436646531396164376434653965383635643264623731
37306239393830356136346332643765323833373030656562383538336434386636356532616633
66313633323439306465663364633334666366343733393363623637313238643739303537393934
64613364393835313834343162316537616366313761613330616537343962333436383330346632
3061
